0 0.27844 0.02488 0.27973 0.03301 0.28176 0.04391 0.28331 0.05473 0.28572 0.06349 0.29009 0.06953 0.2946 0.0734 0.29964 0.07561 0.30538 0.0753 0.30762 0.07658 0.3114 0.079 0.31265 0.08449 0.31273 0.09109 0.31254 0.09633 0.3119 0.1028 0.31192 0.10544 0.31373 0.11059 0.31691 0.11642 0.31737 0.12221 0.31609 0.12945 0.31468 0.13886 0.31547 0.14559 0.31684 0.15461 0.31891 0.16112 0.31878 0.17164 0.31781 0.17717 0.31902 0.18573 0.32146 0.19012 0.32262 0.19471 0.32302 0.20225 0.32405 0.20902 0.3254 0.2154 0.32703 0.21876 0.33338 0.22339 0.33569 0.22292 0.33829 0.22075 0.33705 0.21658 0.33651 0.21121 0.33491 0.20347 0.33156 0.19585 0.33056 0.19172 0.32977 0.18499 0.32837 0.18036 0.32927 0.17524 0.32787 0.17192 0.32752 0.16835 0.32601 0.15377 0.3238 0.14324 0.32267 0.11263 0.32249 0.09522 0.32259 0.08075 0.31958 0.07008 0.31371 0.06181 0.30501 0.06027 0.29785 0.05467 0.29385 0.04962 0.29297 0.04077 0.28942 0.02856 0.28483 0.01761 0.28465 0.01693 0.27091 0.01813 0.27387 0.02276 0.27844 0.02488
0 0.34749 0.24564 0.34327 0.23875 0.34308 0.23564 0.34208 0.23151 0.33901 0.2279 0.33778 0.22505 0.33397 0.22701 0.33086 0.22646 0.32899 0.23008 0.3306 0.23915 0.33368 0.24409 0.33581 0.24885 0.33859 0.25549 0.34196 0.26443 0.3414 0.27179 0.34273 0.27686 0.34485 0.28163 0.34596 0.28797 0.35139 0.28936 0.35655 0.28676 0.35664 0.28063 0.35323 0.27476 0.34989 0.26846 0.34846 0.26118 0.34847 0.25548 0.34939 0.25169 0.34749 0.24564
0 0.35437 0.29209 0.34956 0.29695 0.34907 0.30257 0.35275 0.3041 0.35599 0.30115 0.35747 0.29132 0.35604 0.29106 0.35437 0.29209
0 0.39107 0.38243 0.39384 0.38775 0.39495 0.39409 0.39476 0.39933 0.39538 0.40427 0.39941 0.40103 0.40007 0.39587 0.40127 0.38906 0.40265 0.38403 0.40204 0.37909 0.39877 0.37237 0.39384 0.36535 0.389 0.36055 0.38562 0.35732 0.38089 0.35473 0.37885 0.35085 0.37633 0.3469 0.37596 0.342 0.3727 0.33528 0.37145 0.32979 0.37043 0.32434 0.36601 0.32136 0.36285 0.31685 0.36545 0.31336 0.36501 0.31021 0.36385 0.30561 0.36291 0.29974 0.36098 0.29808 0.35706 0.30486 0.35547 0.31248 0.35568 0.31691 0.35709 0.32155 0.35776 0.32474 0.35702 0.33032 0.35906 0.33419 0.36117 0.33764 0.3644 0.34172 0.36621 0.34687 0.36801 0.3507 0.37181 0.36279 0.3748 0.36683 0.37778 0.36955 0.38089 0.3701 0.38245 0.37388 0.38598 0.37626 0.38921 0.38035 0.39107 0.38243
0 0.39509 0.42969 0.39448 0.42475 0.39488 0.41691 0.39458 0.41159 0.39233 0.41032 0.38909 0.41326 0.38797 0.41965 0.38744 0.42965 0.38714 0.43838 0.38848 0.44477 0.39149 0.45013 0.39487 0.45336 0.3989 0.45714 0.40059 0.45876 0.40423 0.46335 0.40709 0.46957 0.41017 0.46747 0.41027 0.46134 0.40963 0.45377 0.40816 0.45087 0.40485 0.44721 0.4006 0.44471 0.39841 0.44169 0.39596 0.43599 0.39509 0.42969
0 0.42115 0.46546 0.42032 0.4618 0.4202 0.45827 0.41738 0.45601 0.41527 0.45959 0.41406 0.46508 0.41293 0.47147 0.41314 0.4759 0.41713 0.47705 0.42247 0.47623 0.42379 0.47295 0.42278 0.46882 0.42115 0.46546
0 0.43 0.47975 0.43337 0.48166 0.43559 0.4803 0.43243 0.47579 0.43247 0.47272 0.43066 0.46757 0.42782 0.46971 0.42593 0.47201 0.42789 0.47631 0.43 0.47975
0 0.44934 0.46955 0.44406 0.4673 0.44218 0.47092 0.44103 0.46765 0.43815 0.47416 0.44164 0.47961 0.44733 0.48237 0.45119 0.47866 0.45423 0.47963 0.45813 0.48559 0.46196 0.48627 0.46578 0.48562 0.46722 0.48588 0.47075 0.48825 0.47402 0.48795 0.47444 0.48276 0.47254 0.47672 0.47032 0.47808 0.46752 0.47715 0.46468 0.47225 0.46251 0.47055 0.4586 0.4703 0.45527 0.47235 0.45209 0.47355 0.44934 0.46955
0 0.52745 0.5268 0.52771 0.52113 0.52707 0.51356 0.52594 0.50457 0.52492 0.49913 0.524 0.49457 0.51983 0.49296 0.51624 0.49232 0.51305 0.4922 0.50993 0.49165 0.50809 0.49089 0.50456 0.48851 0.50278 0.486 0.50083 0.48302 0.49827 0.48213 0.49628 0.48222 0.49411 0.48052 0.49178 0.47967 0.48757 0.48112 0.48534 0.48117 0.48342 0.48083 0.48027 0.47632 0.4783 0.48607 0.47932 0.49152 0.48258 0.49122 0.48785 0.49215 0.4904 0.49172 0.49518 0.49125 0.49633 0.49452 0.49973 0.49907 0.50232 0.5026 0.50665 0.50468 0.50816 0.50451 0.51175 0.50515 0.51641 0.50816 0.51804 0.51152 0.51873 0.51604 0.51932 0.52668 0.51945 0.53153 0.52122 0.53975 0.52288 0.53873 0.52553 0.53348 0.52745 0.5268
0 0.56753 0.6274 0.56468 0.62118 0.56102 0.61527 0.55683 0.61102 0.55439 0.60664 0.55324 0.60336 0.54932 0.59476 0.54687 0.58906 0.54594 0.58451 0.54386 0.57668 0.54133 0.5714 0.53873 0.56655 0.53629 0.56217 0.53367 0.556 0.53263 0.54791 0.53268 0.53782 0.53067 0.52956 0.5278 0.53608 0.52547 0.54226 0.52443 0.54954 0.52495 0.55358 0.52549 0.55895 0.52706 0.57108 0.53122 0.57972 0.53397 0.58372 0.53626 0.58895 0.53831 0.59414 0.53973 0.6001 0.54124 0.60695 0.54411 0.61449 0.54679 0.61891 0.54923 0.62329 0.55294 0.62746 0.55567 0.62882 0.55871 0.62979 0.5623 0.63043 0.56629 0.63025 0.56753 0.6274
0 0.55415 0.65007 0.55392 0.65837 0.55432 0.66591 0.55777 0.67574 0.56038 0.68059 0.56438 0.68173 0.56363 0.68599 0.56811 0.68722 0.5729 0.68806 0.57137 0.67989 0.57076 0.67495 0.56897 0.67112 0.56669 0.66721 0.56409 0.66236 0.56268 0.65772 0.56198 0.65189 0.56146 0.64784 0.56068 0.64244 0.55867 0.6412 0.55415 0.65007
0 0.55935 0.69621 0.55999 0.70379 0.56173 0.70937 0.56343 0.7123 0.56679 0.7129 0.56769 0.70778 0.56835 0.70263 0.56783 0.69859 0.56612 0.69565 0.56349 0.69519 0.55935 0.69621
0 0.59082 0.72372 0.58791 0.71925 0.58458 0.71428 0.58199 0.71074 0.57954 0.70504 0.57677 0.69973 0.57442 0.70326 0.57111 0.70663 0.56981 0.71255 0.57115 0.71762 0.5739 0.72161 0.57682 0.72608 0.57914 0.72693 0.5815 0.73174 0.58444 0.73752 0.58532 0.74514 0.58855 0.75625 0.59198 0.75642 0.59539 0.75526 0.59929 0.75419 0.60221 0.75164 0.60185 0.74806 0.59911 0.74538 0.59645 0.74228 0.59591 0.73691 0.59409 0.73044 0.59082 0.72372
0 0.65815 0.92171 0.65494 0.90766 0.65239 0.89442 0.64831 0.88535 0.64515 0.88084 0.64026 0.87076 0.63876 0.86523 0.63742 0.85884 0.63573 0.8502 0.63345 0.84629 0.63053 0.84182 0.62801 0.83654 0.62588 0.83178 0.62415 0.8262 0.62394 0.82177 0.62445 0.81045 0.62255 0.8044 0.61916 0.79985 0.61585 0.7962 0.61148 0.79016 0.61117 0.78352 0.60928 0.77879 0.60813 0.77551 0.60633 0.77168 0.60565 0.76717 0.60216 0.76173 0.59928 0.76122 0.59603 0.76284 0.59171 0.77437 0.59624 0.78359 0.60155 0.79379 0.60609 0.80302 0.61462 0.81379 0.6174 0.83028 0.62115 0.852 0.62276 0.85903 0.62778 0.87086 0.63002 0.87968 0.63214 0.89185 0.63432 0.8956 0.64084 0.90433 0.64457 0.91005 0.64816 0.91658 0.64761 0.92237 0.64663 0.93063 0.65246 0.9325 0.65887 0.9311 0.65815 0.92171
0 0.75279 0.96846 0.74129 0.9577 0.7342 0.95486 0.73337 0.9444 0.73077 0.93124 0.72379 0.92525 0.71434 0.91802 0.71069 0.91341 0.70214 0.90873 0.6951 0.91066 0.6837 0.90944 0.67709 0.91146 0.66626 0.90955 0.66885 0.9227 0.68025 0.92392 0.69062 0.92337 0.68884 0.91829 0.69376 0.92074 0.69969 0.92259 0.70321 0.92797 0.71525 0.93565 0.7204 0.94449 0.72307 0.95211 0.72434 0.96265 0.72859 0.96896 0.73341 0.97457 0.73849 0.97864 0.74012 0.9809 0.76227 0.97896 0.7621 0.97645 0.75279 0.96846
